55.64212561 37.88633108  9.81
55.64212561 37.886374   10.02
55.64212561 37.88641691 10.31
55.64212561 37.88645983 10.57
55.64212561 37.88650274 10.82
55.64212561 37.88654566 11.12
55.64212561 37.88658857 11.49
55.64212561 37.88663149 11.85
55.64212561 37.8866744  12.1 
55.64212561 37.88671732 12.33
55.64212561 37.88676023 12.57
55.64212561 37.88680315 12.76
55.64212561 37.88684607 12.92
55.64212561 37.88688898 13.07
55.64212561 37.8869319  13.2 
55.64212561 37.88697481 13.29
55.64212561 37.88701773 13.35
55.64212561 37.88706064 13.38
55.64212561 37.88710356 13.35
55.64212561 37.88714647 13.28
55.64212561 37.88718939 13.21
55.64212561 37.8872323  13.17
55.64212561 37.88727522 13.11
55.64212561 37.88731813 12.96
55.64212561 37.88736105 12.66
55.64212561 37.88740396 12.43
55.64208269 37.8861165   7.36
55.64208269 37.88615942  8.  
55.64208269 37.88620234  8.44
55.64208269 37.88624525  8.8 
55.64208269 37.88628817  9.13
55.64208269 37.88633108  9.52
55.64208269 37.886374    9.85
55.64208269 37.88641691 10.15
55.64208269 37.88645983 10.45